2445
4100
4427
3092
3451
9744
4892
6769
8295
5475
2260
9137
11822
4799
2109
4952
3943
5840
9069
5608
3480
6487
6459
3129
6368
2600
2924
13996
3580
8816
15633
8155
2233
17097
6638
3526
4877
4270
4140
2445
2445
2445
2445
2445
4573
5688
3536519
5688
5221
5158
2445
6876
2445
4100
4427
3092
3451
9744
4892
6769
8295
5475
2260
9137
11822
4799
2109
4952
3943
5840
9069
5608
3480
6487
6459
3129
6368
2600
2924
13996
3580
8816
15633
8155
2233
17097
6638
3526
4877
4270
4140
4760
5593
6999
2171
7412
5577
3843
2890
6956
8943
4356
3348
1976
7556
5394
4860
1918
24690
5736
5528
2152
2215
4835
5669
2424
1997
5445
8432
2648
4401
3184
2028
6346
5291
1800
3659
4307
7210
2132
2159
9109
8938
4222
3524
3616
8158
4690
5111
4313
7156
4568
4437
4840
15422
3429
4243
5270
1929
2056
2796
4898
3813
7128
4134
6201
3555
6580
4607
1718
7795
5498
5499
3085
2483
3408
8077
4489
2391
2350
2032
7045
2330
8459
3355
4288
828
1847
5382
4288
5642
901
1869
4844
2234
1969
2031
2251
1916
1048
1004
971
907
908
4727
993
882
937
972
936
886
2445
4100
2445
4100
4427
3092
3451
9744
4892
6769
8295
5475
2260
9137
11822
4799
2109
4952
3943
5840
9069
5608
3480
6487
6459
3129
6368
2600
2924
13996
3580
8816
15633
8155
2233
17097
6638
3526
4877
4270
4140
4760
5593
6999
2171
7412
5577
3843
2890
6956
8943
4356
3348
1976
7556
5394
4860
1918
24690
5736
5528
2152
2215
4835
5669
2424
1997
5445
8432
2648
4401
3184
2028
6346
5291
1800
3659
4307
7210
2132
2159
9109
8938
4222
3524
3616
8158
4690
5111
4313
7156
4568
4437
4840
15422
3429
4243
5270
1929
2056
2796
4898
3813
7128
4134
6201
3555
6580
4607
1718
7795
5498
5499
3085
2483
3408
8077
4489
2391
2350
2032
7045
2330
8459
3355
4288
828
1847
5382
4288
5642
901
1869
4844
2234
1969
2031
2251
1916
1048
1004
971
907
908
4727
993
882
937
972
936
886
