0.05608569986695417
0.11311593003365888
0.11839747532828755
0.08943912527841254
0.09950693463279606
0.21746116764863418
0.12564530627969694
0.16633901803705706
0.19210727436948516
0.14316345474988887
0.06810100644850238
0.2088982372710853
0.2492778070637849
0.1291581440413392
0.06438121985469199
0.13308608132441077
0.10656756756756756
0.1557707183057267
0.2083103638368247
0.13922196569102058
0.0986059163549813
0.17175006619009797
0.16301961081244795
0.09184302445038012
0.1640560593569662
0.07805698159656549
0.08675270731345498
0.245427604468059
0.1014911833078188
0.21591437878082828
0.27392675661468374
0.19597241246725783
0.06884750570389098
0.3240277461905845
0.1678296925566343
0.10193402908270938
0.1317360417060587
0.1200213621159738
0.11748347001901302
0.05608569986695417
0.05608569986695417
0.05608569986695417
0.05608569986695417
0.05608569986695417
0.07057534415704673
0.09545225709011579
0.9223719842458199
0.09545225709011579
0.08732083423926677
0.08569814580979597
0.29372897645362805
0.128047077226764
0.05608569986695417
0.11311593003365888
0.11839747532828755
0.08943912527841254
0.09950693463279606
0.21746116764863418
0.12564530627969694
0.16633901803705706
0.19210727436948516
0.14316345474988887
0.06810100644850238
0.2088982372710853
0.2492778070637849
0.1291581440413392
0.06438121985469199
0.13308608132441077
0.10656756756756756
0.1557707183057267
0.2083103638368247
0.13922196569102058
0.0986059163549813
0.17175006619009797
0.16301961081244795
0.09184302445038012
0.1640560593569662
0.07805698159656549
0.08675270731345498
0.245427604468059
0.1014911833078188
0.21591437878082828
0.27392675661468374
0.19597241246725783
0.06884750570389098
0.3240277461905845
0.1678296925566343
0.10193402908270938
0.1317360417060587
0.1200213621159738
0.11748347001901302
0.13148444837301806
0.14407521895929934
0.17607990138116683
0.0658617237508722
0.17661075104841784
0.14806849860613303
0.10772551438022089
0.08683372393485968
0.17232751145794625
0.20626427105196393
0.12344139650872818
0.09636473534237112
0.06087867397868014
0.17867530563503511
0.1486400837719419
0.13173944864601123
0.05981599875253391
0.40123506947265786
0.15063025210084033
0.149417520339487
0.06639311387406288
0.06729045781814867
0.1336706201100329
0.1511290021593666
0.07370245370792666
0.061317858020142474
0.14601378348663216
0.2064440309470179
0.07937411948083091
0.12497160381644706
0.0931157513013979
0.06226588885477433
0.1709544462703052
0.14346140289037715
0.05578800557880056
0.1041026516444748
0.12100693956676875
0.17756871244212394
0.06499603682702275
0.06599620957388275
0.19823721436343852
0.20639172401052971
0.11654934437543134
0.1037233259749816
0.1044000461947107
0.1960021142664937
0.12951865455248404
0.13960666484567058
0.11869771025979745
0.1803018468593313
0.1242384682332463
0.1254488393791173
0.13342522398345968
0.2914760914760915
0.09923597846848412
0.11785783728229772
0.1411506320977073
0.058502411063597486
0.06370452996219868
0.08138316451274887
0.13249296689028348
0.10796194575004248
0.17939747816676313
0.11526236547147717
0.15097876899104012
0.10137158173885769
0.1723054362627003
0.12785147360825885
0.053898039215686276
0.17913363208089164
0.14628565346956152
0.14566887417218544
0.08991547653745263
0.07553311228059502
0.0978860294117647
0.19064366134019403
0.12012309339042013
0.07171350589364446
0.0723032428773614
0.06300189129693362
0.18235233214267227
0.07089393293981622
0.20598548677738274
0.09851999765078992
0.08927381745502998
0.021008829798031058
0.047248727328541094
0.12461506402093125
0.08927381745502998
0.11068822098406969
0.024917724494593323
0.05037057000404258
0.11237154058505579
0.059392779284309034
0.052870415122710915
0.054419763671927336
0.059910041785324566
0.049755894878986184
0.02847748702480911
0.02735769367012725
0.02656126049730558
0.024931966244261798
0.024958082515598803
0.11791558571143484
0.02707197382769902
0.024200850596789683
0.025686715280443008
0.026599529308740627
0.025567483405719904
0.017048625141911525
0.05608569986695417
0.11311593003365888
0.05608569986695417
0.11311593003365888
0.11839747532828755
0.08943912527841254
0.09950693463279606
0.21746116764863418
0.12564530627969694
0.16633901803705706
0.19210727436948516
0.14316345474988887
0.06810100644850238
0.2088982372710853
0.2492778070637849
0.1291581440413392
0.06438121985469199
0.13308608132441077
0.10656756756756756
0.1557707183057267
0.2083103638368247
0.13922196569102058
0.0986059163549813
0.17175006619009797
0.16301961081244795
0.09184302445038012
0.1640560593569662
0.07805698159656549
0.08675270731345498
0.245427604468059
0.1014911833078188
0.21591437878082828
0.27392675661468374
0.19597241246725783
0.06884750570389098
0.3240277461905845
0.1678296925566343
0.10193402908270938
0.1317360417060587
0.1200213621159738
0.11748347001901302
0.13148444837301806
0.14407521895929934
0.17607990138116683
0.0658617237508722
0.17661075104841784
0.14806849860613303
0.10772551438022089
0.08683372393485968
0.17232751145794625
0.20626427105196393
0.12344139650872818
0.09636473534237112
0.06087867397868014
0.17867530563503511
0.1486400837719419
0.13173944864601123
0.05981599875253391
0.40123506947265786
0.15063025210084033
0.149417520339487
0.06639311387406288
0.06729045781814867
0.1336706201100329
0.1511290021593666
0.07370245370792666
0.061317858020142474
0.14601378348663216
0.2064440309470179
0.07937411948083091
0.12497160381644706
0.0931157513013979
0.06226588885477433
0.1709544462703052
0.14346140289037715
0.05578800557880056
0.1041026516444748
0.12100693956676875
0.17756871244212394
0.06499603682702275
0.06599620957388275
0.19823721436343852
0.20639172401052971
0.11654934437543134
0.1037233259749816
0.1044000461947107
0.1960021142664937
0.12951865455248404
0.13960666484567058
0.11869771025979745
0.1803018468593313
0.1242384682332463
0.1254488393791173
0.13342522398345968
0.2914760914760915
0.09923597846848412
0.11785783728229772
0.1411506320977073
0.058502411063597486
0.06370452996219868
0.08138316451274887
0.13249296689028348
0.10796194575004248
0.17939747816676313
0.11526236547147717
0.15097876899104012
0.10137158173885769
0.1723054362627003
0.12785147360825885
0.053898039215686276
0.17913363208089164
0.14628565346956152
0.14566887417218544
0.08991547653745263
0.07553311228059502
0.0978860294117647
0.19064366134019403
0.12012309339042013
0.07171350589364446
0.0723032428773614
0.06300189129693362
0.18235233214267227
0.07089393293981622
0.20598548677738274
0.09851999765078992
0.08927381745502998
0.021008829798031058
0.047248727328541094
0.12461506402093125
0.08927381745502998
0.11068822098406969
0.024917724494593323
0.05037057000404258
0.11237154058505579
0.059392779284309034
0.052870415122710915
0.054419763671927336
0.059910041785324566
0.049755894878986184
0.02847748702480911
0.02735769367012725
0.02656126049730558
0.024931966244261798
0.024958082515598803
0.11791558571143484
0.02707197382769902
0.024200850596789683
0.025686715280443008
0.026599529308740627
0.025567483405719904
0.017048625141911525
